10000856 1
10000899 0
10000903 0
10000911 3
10000916 3
10000920 1
10001094 2
10001097 2
10001103 1
10001104 1
10001132 2
10001134 2
10001417 0
10002250 1
10002252 0
10002258 2
10002262 2
10002343 1
10002351 1
10002445 3
10002448 2
10002449 3
10002450 3
10002473 0
10002543 0
10002811 0
10002817 1
10002836 1
10002840 0
10002910 0
10002912 0
10002913 1
10002914 0
10002922 1
10002926 1
10002948 0
10002950 0
10002955 1
10002966 1
10002968 1
10002988 0
10002990 0
10002992 1
10003003 1
10003005 1
10003014 1
10003022 1
10003028 1
10003029 1
10003033 0
10003035 0
10003038 0
10003046 1
10003052 1
10003085 1
10003097 2
10003098 3
10003099 3
10003121 0
10003137 3
10003138 2
10003172 2
10003174 2
10003175 2
10003176 2
10003177 2
10003191 3
10003192 0
10003193 0
10003194 2
10003210 2
10003213 2
10003230 2
10003231 2
10003233 1
10003235 2
10003236 2
10003237 2
10003239 2
10003243 1
10003244 2
10003247 1
10003251 1
10003257 0
10003258 3
10003273 1
10003422 3
10003548 0
10003549 0
10003930 1
10003936 1
10003937 1
10003938 1
10003940 1
10003941 1
10003942 1
10004029 2
10004032 1
10004092 1
10004098 0
10004104 0
10004233 0
10004485 2
10004509 2
10004596 1
10004606 2
10004607 3
10004608 1
10004612 3
10004715 0
10004716 3
10004726 1
10004729 1
10004798 1
10004799 1
10004808 0
10004822 1
10004848 1
10004894 1
10005028 0
10005057 0
10005087 3
10005270 3
10005276 0
10005278 0
10005299 1
10005303 2
10005306 0
10005314 2
10005409 2
10005410 2
10005411 2
10005497 2
10005504 0
10005517 1
10005518 1
10005558 0
10005559 3
10005560 2
10005561 2
10005562 2
10005637 0
10005662 1
10005665 1
10005667 1
10005678 1
10005683 0
10005686 1
10005689 1
10005690 1
10005715 0
10005725 0
10005728 0
10005737 3
10005749 3
10005758 1
10005764 1
10005882 0
10005883 2
10005885 1
10005886 1
10005888 2
10005929 2
10005930 2
10005931 2
10005942 2
10005964 2
10005968 0
10005973 2
10005974 2
10005975 2
10005976 2
10005977 1
10005978 2
10005979 2
10005981 2
10005982 2
10005983 1
10005985 2
10005987 0
10005988 2
10005991 0
10005993 0
10005994 0
10005996 2
10006001 0
10006006 0
10006007 0
10006010 0
10006012 0
10006016 2
10006018 2
10006021 0
10006023 0
10006028 2
10006032 0
10006034 0
10006035 0
10006040 3
10006044 2
10006045 3
10006047 0
10006057 0
10006058 0
10006059 0
10006060 2
10006063 0
10006070 2
10006072 1
10006073 0
10006074 1
10006076 1
10006077 1
10006080 0
10006081 0
10006082 1
10006083 1
10006084 1
10006088 0
10006096 0
10006097 1
10006099 0
10006101 3
10006122 2
10006127 2
10006130 2
10006135 2
10006136 0
10006198 1
10006202 0
10006283 1
10006485 1
10006532 0
10006535 2
10006537 2
10006544 1
10006553 0
10006554 0
10006591 0
10006594 0
10006609 1
10006611 1
10006612 1
10006613 0
10006616 1
10006624 1
10006627 2
10006722 1
10006861 3
10006910 3
10006915 3
10006918 3
10006976 1
10006989 0
10006992 0
10007023 1
10007024 1
10007025 1
10007076 1
10007077 1
10007101 3
10007113 1
10007117 1
10007142 1
10007143 1
10007144 1
10007459 3
10007604 0
10007642 0
10007649 0
10007684 1
10007707 2
10007891 1
10008138 0
10008233 2
10008474 2
10008528 0
10008734 1
10008758 1
10008883 0
10008951 0
10009141 0
10009144 0
10009325 1
10010226 2
10010782 2
10010867 1
10010868 1
10010869 1
10010898 2
10010899 2
10010955 1
10011152 1
10011331 1
10013575 1
10013625 1
10013654 0
10013766 1
10013936 1
10013950 0
10013956 0
10013957 0
10013958 2